0.457298
60.190864
37.367594
35.980631
29.362088
3.899922
12.483020
4.911908
4.650499
28.306330
14.012696
5.931960
13.827536
7.142258
27.038891
6.597877
4.688201
4.949932
7.625432
4.527803
11.649512
36.611060
6.799112
11.564570
13.226293
0.511554
17.125930
16.665411
20.135614
2.720147
3.143294
12.092622
3.615638
6.894657
1.263343
2.304452
2.063989
0.431928
2.487984
1.160086
0.784070
2.095995
8.022466
0.855715
16.903535
1.344024
2.888086
1.409304
4.117965
26.803821
34.147426
0.831494
1.000194
10.842466
9.796311
0.823864
10.721969
31.339193
7.325683
1.791115
2.976362
1.911799
1.304057
3.935169
12.141731
5.384255
4.311737
0.839970
53.769746
2.432061
2.560073
35.604826
1.663965
6.826754
1.287827
2.704069
38.536312
0.535752
0.760053
3.104015
18.821243
0.847165
9.788171
14.637875
10.963632
5.135648
28.841507
1.583847
1.023865
0.656180
1.352102
0.663648
